db.createCollection('user_stats')



// change user_id to yours and date to today's date.
db.user_stats.insert({"user_id": 325168,     "date": "2020-08-09",     "steps": [         120,         300,         200,         0,         0,         1000,         750,         400,         100,         500,         50,         50,         20,         100,         600,         1000,         200,         90,         20,         35,         10,         100,         50     ],     "calories": [         120,         300,         200,         0,         0,         1000,         750,         400,         100,         500,         50,         50,         20,         100,         600,         1000,         200,         90,         20,         35,         10,         100,         50     ],     "heart_rate": [         120,         300,         200,         0,         0,         1000,         750,         400,         100,         500,         50,         50,         20,         100,         600,         1000,         200,         90,         20,         35,         10,         100,         50     ],     "rating": [         120,         300,         200,         0,         0,         1000,         750,         400,         100,         500,         50,         50,         20,         100,         600,         1000,         200,         90,         20,         35,         10,         100,         50     ] })



db.user_stats.insert({"user_id": 929671,     "date": "2020-08-12",     "steps": [0, 0, 0, 0, 0, 0, 0, 0, 1000, 200, 250, 300, 500, 1350, 10, 16, 17, 18, 19, 20, 21, 22, 23],     "calories": [         120,         300,         200,         0,         0,         1000,         750,         400,         100,         500,         50,         50,         20,         100,         600,         1000,         200,         90,         20,         35,         10,         100,         50     ],     "heart_rate": [60, 60, 60, 65, 66, 67, 70, 71, 75, 70, 69, 65, 71, 74, 75, 70, 65, 66, 67, 68, 66, 70, 71, 72],     "rating": [         120,         300,         200,         0,         0,         1000,         750,         400,         100,         500,         50,         50,         20,         100,         600,         1000,         200,         90,         20,         35,         10,         100,         50     ] })


